org_id remap_id
1 0
2 1
3 2
4 3
5 4
6 5
7 6
8 7
9 8
10 9
11 10
12 11
13 12
14 13
15 14
16 15
17 16
18 17
19 18
20 19
21 20
22 21
23 22
24 23
25 24
26 25
27 26
28 27
29 28
30 29
31 30
32 31
33 32
34 33
35 34
36 35
37 36
38 37
39 38
40 39
41 40
42 41
43 42
44 43
45 44
46 45
47 46
48 47
49 48
50 49
51 50
52 51
53 52
54 53
55 54
56 55
57 56
58 57
59 58
60 59
61 60
62 61
63 62
64 63
65 64
66 65
67 66
68 67
69 68
70 69
71 70
72 71
73 72
74 73
75 74
76 75
77 76
78 77
79 78
80 79
81 80
82 81
83 82
84 83
85 84
86 85
87 86
88 87
89 88
90 89
91 90
92 91
93 92
94 93
95 94
96 95
97 96
98 97
99 98
100 99
101 100
102 101
103 102
104 103
105 104
106 105
107 106
108 107
109 108
110 109
111 110
112 111
113 112
114 113
115 114
116 115
117 116
118 117
119 118
120 119
121 120
122 121
123 122
124 123
125 124
126 125
127 126
128 127
129 128
130 129
131 130
132 131
133 132
134 133
135 134
136 135
137 136
138 137
139 138
140 139
141 140
142 141
143 142
144 143
145 144
146 145
147 146
148 147
149 148
150 149
151 150
152 151
153 152
154 153
155 154
156 155
157 156
158 157
159 158
160 159
161 160
162 161
163 162
164 163
165 164
166 165
167 166
168 167
169 168
170 169
171 170
172 171
173 172
174 173
175 174
176 175
177 176
178 177
179 178
180 179
181 180
182 181
183 182
184 183
185 184
186 185
187 186
188 187
189 188
190 189
191 190
192 191
193 192
194 193
195 194
196 195
197 196
198 197
199 198
200 199
201 200
202 201
203 202
204 203
205 204
206 205
207 206
208 207
209 208
210 209
211 210
212 211
213 212
214 213
215 214
216 215
217 216
218 217
219 218
220 219
221 220
222 221
223 222
224 223
225 224
226 225
227 226
228 227
229 228
230 229
231 230
232 231
233 232
234 233
235 234
236 235
237 236
238 237
239 238
240 239
241 240
242 241
243 242
244 243
245 244
246 245
247 246
248 247
249 248
250 249
251 250
252 251
253 252
254 253
255 254
256 255
257 256
258 257
259 258
260 259
261 260
262 261
263 262
264 263
265 264
266 265
267 266
268 267
269 268
270 269
271 270
272 271
273 272
274 273
275 274
276 275
277 276
278 277
279 278
280 279
281 280
282 281
283 282
284 283
285 284
286 285
287 286
288 287
289 288
290 289
291 290
292 291
293 292
294 293
295 294
296 295
297 296
298 297
299 298
300 299
301 300
302 301
303 302
304 303
305 304
306 305
307 306
308 307
309 308
310 309
311 310
312 311
313 312
314 313
315 314
316 315
317 316
318 317
319 318
320 319
321 320
322 321
323 322
324 323
325 324
326 325
327 326
328 327
329 328
330 329
331 330
332 331
333 332
334 333
335 334
336 335
337 336
338 337
339 338
340 339
341 340
342 341
343 342
344 343
345 344
346 345
347 346
348 347
349 348
350 349
351 350
352 351
353 352
354 353
355 354
356 355
357 356
358 357
359 358
360 359
361 360
362 361
363 362
364 363
365 364
366 365
367 366
368 367
369 368
370 369
371 370
372 371
373 372
374 373
375 374
376 375
377 376
378 377
379 378
380 379
381 380
382 381
383 382
384 383
385 384
386 385
387 386
388 387
389 388
390 389
391 390
392 391
393 392
394 393
395 394
396 395
397 396
398 397
399 398
400 399
401 400
402 401
403 402
404 403
405 404
406 405
407 406
408 407
409 408
410 409
411 410
412 411
413 412
414 413
415 414
416 415
417 416
418 417
419 418
420 419
421 420
422 421
423 422
424 423
425 424
426 425
427 426
428 427
429 428
430 429
431 430
432 431
433 432
434 433
435 434
436 435
437 436
438 437
439 438
440 439
441 440
442 441
443 442
444 443
445 444
446 445
447 446
448 447
449 448
450 449
451 450
452 451
453 452
454 453
455 454
456 455
457 456
458 457
459 458
460 459
461 460
462 461
463 462
464 463
465 464
466 465
467 466
468 467
469 468
470 469
471 470
472 471
473 472
474 473
475 474
476 475
477 476
478 477
479 478
480 479
481 480
482 481
483 482
484 483
485 484
486 485
487 486
488 487
489 488
490 489
491 490
492 491
493 492
494 493
495 494
496 495
497 496
498 497
499 498
500 499
501 500
502 501
503 502
504 503
505 504
506 505
507 506
508 507
509 508
510 509
511 510
512 511
513 512
514 513
515 514
516 515
517 516
518 517
519 518
520 519
521 520
522 521
523 522
524 523
525 524
526 525
527 526
528 527
529 528
530 529
531 530
532 531
533 532
534 533
535 534
536 535
537 536
538 537
539 538
540 539
541 540
542 541
543 542
544 543
545 544
546 545
547 546
548 547
549 548
550 549
551 550
552 551
553 552
554 553
555 554
556 555
557 556
558 557
559 558
560 559
561 560
562 561
563 562
564 563
565 564
566 565
567 566
568 567
569 568
570 569
571 570
572 571
573 572
574 573
575 574
576 575
577 576
578 577
579 578
580 579
581 580
582 581
583 582
584 583
585 584
586 585
587 586
588 587
589 588
590 589
591 590
592 591
593 592
594 593
595 594
596 595
597 596
598 597
599 598
600 599
601 600
602 601
603 602
604 603
605 604
606 605
607 606
608 607
609 608
610 609
611 610
612 611
613 612
614 613
615 614
616 615
617 616
618 617
619 618
620 619
621 620
622 621
623 622
624 623
625 624
626 625
627 626
628 627
629 628
630 629
631 630
632 631
633 632
634 633
635 634
636 635
637 636
638 637
639 638
640 639
641 640
642 641
643 642
644 643
645 644
646 645
647 646
648 647
649 648
650 649
651 650
652 651
653 652
654 653
655 654
656 655
657 656
658 657
659 658
660 659
661 660
662 661
663 662
664 663
665 664
666 665
667 666
668 667
669 668
670 669
671 670
672 671
673 672
674 673
675 674
676 675
677 676
678 677
679 678
680 679
681 680
682 681
683 682
684 683
685 684
686 685
687 686
688 687
689 688
690 689
691 690
692 691
693 692
694 693
695 694
696 695
697 696
698 697
699 698
700 699
701 700
702 701
703 702
704 703
705 704
706 705
707 706
708 707
709 708
710 709
711 710
712 711
713 712
714 713
715 714
716 715
717 716
718 717
719 718
720 719
721 720
722 721
723 722
724 723
725 724
726 725
727 726
728 727
729 728
730 729
731 730
732 731
733 732
734 733
735 734
736 735
737 736
738 737
739 738
740 739
741 740
742 741
743 742
744 743
745 744
746 745
747 746
748 747
749 748
750 749
751 750
752 751
753 752
754 753
755 754
756 755
757 756
758 757
759 758
760 759
761 760
762 761
763 762
764 763
765 764
766 765
767 766
768 767
769 768
770 769
771 770
772 771
773 772
774 773
775 774
776 775
777 776
778 777
779 778
780 779
781 780
782 781
783 782
784 783
785 784
786 785
787 786
788 787
789 788
790 789
791 790
792 791
793 792
794 793
795 794
796 795
797 796
798 797
799 798
800 799
801 800
802 801
803 802
804 803
805 804
806 805
807 806
808 807
809 808
810 809
811 810
812 811
813 812
814 813
815 814
816 815
817 816
818 817
819 818
820 819
821 820
822 821
823 822
824 823
825 824
826 825
827 826
828 827
829 828
830 829
831 830
832 831
833 832
834 833
835 834
836 835
837 836
838 837
839 838
840 839
841 840
842 841
843 842
844 843
845 844
846 845
847 846
848 847
849 848
850 849
851 850
852 851
853 852
854 853
855 854
856 855
857 856
858 857
859 858
860 859
861 860
862 861
863 862
864 863
865 864
866 865
867 866
868 867
869 868
870 869
871 870
872 871
873 872
874 873
875 874
876 875
877 876
878 877
879 878
880 879
881 880
882 881
883 882
884 883
885 884
886 885
887 886
888 887
889 888
890 889
891 890
892 891
893 892
894 893
895 894
896 895
897 896
898 897
899 898
900 899
901 900
902 901
903 902
904 903
905 904
906 905
907 906
908 907
909 908
910 909
911 910
912 911
913 912
914 913
915 914
916 915
917 916
918 917
919 918
920 919
921 920
922 921
923 922
924 923
925 924
926 925
927 926
928 927
929 928
930 929
931 930
932 931
933 932
934 933
935 934
936 935
937 936
938 937
939 938
940 939
941 940
942 941
943 942
944 943
945 944
946 945
947 946
948 947
949 948
950 949
951 950
952 951
953 952
954 953
955 954
956 955
957 956
958 957
959 958
960 959
961 960
962 961
963 962
964 963
965 964
966 965
967 966
968 967
969 968
970 969
971 970
972 971
973 972
974 973
975 974
976 975
977 976
978 977
979 978
980 979
981 980
982 981
983 982
984 983
985 984
986 985
987 986
988 987
989 988
990 989
991 990
992 991
993 992
994 993
995 994
996 995
997 996
998 997
999 998
1000 999
1001 1000
1002 1001
1003 1002
1004 1003
1005 1004
1006 1005
1007 1006
1008 1007
1009 1008
1010 1009
1011 1010
1012 1011
1013 1012
1014 1013
1015 1014
1016 1015
1017 1016
1018 1017
1019 1018
1020 1019
1021 1020
1022 1021
1023 1022
1024 1023
1025 1024
1026 1025
1027 1026
1028 1027
1029 1028
1030 1029
1031 1030
1032 1031
1033 1032
1034 1033
1035 1034
1036 1035
1037 1036
1038 1037
1039 1038
1040 1039
1041 1040
1042 1041
1043 1042
1044 1043
1045 1044
1046 1045
1047 1046
1048 1047
1049 1048
1050 1049
1051 1050
1052 1051
1053 1052
1054 1053
1055 1054
1056 1055
1057 1056
1058 1057
1059 1058
1060 1059
1061 1060
1062 1061
1063 1062
1064 1063
1065 1064
1066 1065
1067 1066
1068 1067
1069 1068
1070 1069
1071 1070
1072 1071
1073 1072
1074 1073
1075 1074
1076 1075
1077 1076
1078 1077
1079 1078
1080 1079
1081 1080
1082 1081
1083 1082
1084 1083
1085 1084
1086 1085
1087 1086
1088 1087
1089 1088
1090 1089
1091 1090
1092 1091
1093 1092
1094 1093
1095 1094
1096 1095
1097 1096
1098 1097
1099 1098
1100 1099
1101 1100
1102 1101
1103 1102
1104 1103
1105 1104
1106 1105
1107 1106
1108 1107
1109 1108
1110 1109
1111 1110
1112 1111
1113 1112
1114 1113
1115 1114
1116 1115
1117 1116
1118 1117
1119 1118
1120 1119
1121 1120
1122 1121
1123 1122
1124 1123
1125 1124
1126 1125
1127 1126
1128 1127
1129 1128
1130 1129
1131 1130
1132 1131
1133 1132
1134 1133
1135 1134
1136 1135
1137 1136
1138 1137
1139 1138
1140 1139
1141 1140
1142 1141
1143 1142
1144 1143
1145 1144
1146 1145
1147 1146
1148 1147
1149 1148
1150 1149
1151 1150
1152 1151
1153 1152
1154 1153
1155 1154
1156 1155
1157 1156
1158 1157
1159 1158
1160 1159
1161 1160
1162 1161
1163 1162
1164 1163
1165 1164
1166 1165
1167 1166
1168 1167
1169 1168
1170 1169
1171 1170
1172 1171
1173 1172
1174 1173
1175 1174
1176 1175
1177 1176
1178 1177
1179 1178
1180 1179
1181 1180
1182 1181
1183 1182
1184 1183
1185 1184
1186 1185
1187 1186
1188 1187
1189 1188
1190 1189
1191 1190
1192 1191
1193 1192
1194 1193
1195 1194
1196 1195
1197 1196
1198 1197
1199 1198
1200 1199
1201 1200
1202 1201
1203 1202
1204 1203
1205 1204
1206 1205
1207 1206
1208 1207
1209 1208
1210 1209
1211 1210
1212 1211
1213 1212
1214 1213
1215 1214
1216 1215
1217 1216
1218 1217
1219 1218
1220 1219
1221 1220
1222 1221
1223 1222
1224 1223
1225 1224
1226 1225
1227 1226
1228 1227
1229 1228
1230 1229
1231 1230
1232 1231
1233 1232
1234 1233
1235 1234
1236 1235
1237 1236
1238 1237
1239 1238
1240 1239
1241 1240
1242 1241
1243 1242
1244 1243
1245 1244
1246 1245
1247 1246
1248 1247
1249 1248
1250 1249
1251 1250
1252 1251
1253 1252
1254 1253
1255 1254
1256 1255
1257 1256
1258 1257
1259 1258
1260 1259
1261 1260
1262 1261
1263 1262
1264 1263
1265 1264
1266 1265
1267 1266
1268 1267
1269 1268
1270 1269
1271 1270
1272 1271
1273 1272
1274 1273
1275 1274
1276 1275
1277 1276
1278 1277
1279 1278
1280 1279
1281 1280
1282 1281
1283 1282
1284 1283
1285 1284
1286 1285
1287 1286
1288 1287
1289 1288
1290 1289
1291 1290
1292 1291
1293 1292
1294 1293
1295 1294
1296 1295
1297 1296
1298 1297
1299 1298
1300 1299
1301 1300
1302 1301
1303 1302
1304 1303
1305 1304
1306 1305
1307 1306
1308 1307
1309 1308
1310 1309
1311 1310
1312 1311
1313 1312
1314 1313
1315 1314
1316 1315
1317 1316
1318 1317
1319 1318
1320 1319
1321 1320
1322 1321
1323 1322
1324 1323
1325 1324
1326 1325
1327 1326
1328 1327
1329 1328
1330 1329
1331 1330
1332 1331
1333 1332
1334 1333
1335 1334
1336 1335
1337 1336
1338 1337
1339 1338
1340 1339
1341 1340
1342 1341
1343 1342
1344 1343
1345 1344
1346 1345
1347 1346
1348 1347
1349 1348
1350 1349
1351 1350
1352 1351
1353 1352
1354 1353
1355 1354
1356 1355
1357 1356
1358 1357
1359 1358
1360 1359
1361 1360
1362 1361
1363 1362
1364 1363
1365 1364
1366 1365
1367 1366
1368 1367
1369 1368
1370 1369
1371 1370
1372 1371
1373 1372
1374 1373
1375 1374
1376 1375
1377 1376
1378 1377
1379 1378
1380 1379
1381 1380
1382 1381
1383 1382
1384 1383
1385 1384
1386 1385
1387 1386
1388 1387
1389 1388
1390 1389
1391 1390
1392 1391
1393 1392
1394 1393
1395 1394
1396 1395
1397 1396
1398 1397
1399 1398
1400 1399
1401 1400
1402 1401
1403 1402
1404 1403
1405 1404
1406 1405
1407 1406
1408 1407
1409 1408
1410 1409
1411 1410
1412 1411
1413 1412
1414 1413
1415 1414
1416 1415
1417 1416
1418 1417
1419 1418
1420 1419
1421 1420
1422 1421
1423 1422
1424 1423
1425 1424
1426 1425
1427 1426
1428 1427
1429 1428
1430 1429
1431 1430
1432 1431
1433 1432
1434 1433
1435 1434
1436 1435
1437 1436
1438 1437
1439 1438
1440 1439
1441 1440
1442 1441
1443 1442
1444 1443
1445 1444
1446 1445
1447 1446
1448 1447
1449 1448
1450 1449
1451 1450
1452 1451
1453 1452
1454 1453
1455 1454
1456 1455
1457 1456
1458 1457
1459 1458
1460 1459
1461 1460
1462 1461
1463 1462
1464 1463
1465 1464
1466 1465
1467 1466
1468 1467
1469 1468
1470 1469
1471 1470
1472 1471
1473 1472
1474 1473
1475 1474
1476 1475
1477 1476
1478 1477
1479 1478
1480 1479
1481 1480
1482 1481
1483 1482
1484 1483
1485 1484
1486 1485
1487 1486
1488 1487
1489 1488
1490 1489
1491 1490
1492 1491
1493 1492
1494 1493
1495 1494
1496 1495
1497 1496
1498 1497
1499 1498
1500 1499
1501 1500
1502 1501
1503 1502
1504 1503
1505 1504
1506 1505
1507 1506
1508 1507
1509 1508
1510 1509
1511 1510
1512 1511
1513 1512
1514 1513
1515 1514
1516 1515
1517 1516
1518 1517
1519 1518
1520 1519
1521 1520
1522 1521
1523 1522
1524 1523
1525 1524
1526 1525
1527 1526
1528 1527
1529 1528
1530 1529
1531 1530
1532 1531
1533 1532
1534 1533
1535 1534
1536 1535
1537 1536
1538 1537
1539 1538
1540 1539
1541 1540
1542 1541
1543 1542
1544 1543
1545 1544
1546 1545
1547 1546
1548 1547
1549 1548
1550 1549
1551 1550
1552 1551
1553 1552
1554 1553
1555 1554
1556 1555
1557 1556
1558 1557
1559 1558
1560 1559
1561 1560
1562 1561
1563 1562
1564 1563
1565 1564
1566 1565
1567 1566
1568 1567
1569 1568
1570 1569
1571 1570
1572 1571
1573 1572
1574 1573
1575 1574
1576 1575
1577 1576
1578 1577
1579 1578
1580 1579
1581 1580
1582 1581
1583 1582
1584 1583
1585 1584
1586 1585
1587 1586
1588 1587
1589 1588
1590 1589
1591 1590
1592 1591
1593 1592
1594 1593
1595 1594
1596 1595
1597 1596
1598 1597
1599 1598
1600 1599
1601 1600
1602 1601
1603 1602
1604 1603
1605 1604
1606 1605
1607 1606
1608 1607
1609 1608
1610 1609
1611 1610
1612 1611
1613 1612
1614 1613
1615 1614
1616 1615
1617 1616
1618 1617
1619 1618
1620 1619
1621 1620
1622 1621
1623 1622
1624 1623
1625 1624
1626 1625
1627 1626
1628 1627
1629 1628
1630 1629
1631 1630
1632 1631
1633 1632
1634 1633
1635 1634
1636 1635
1637 1636
1638 1637
1639 1638
1640 1639
1641 1640
1642 1641
1643 1642
1644 1643
1645 1644
1646 1645
1647 1646
1648 1647
1649 1648
1650 1649
1651 1650
1652 1651
1653 1652
1654 1653
1655 1654
1656 1655
1657 1656
1658 1657
1659 1658
1660 1659
1661 1660
1662 1661
1663 1662
1664 1663
1665 1664
1666 1665
1667 1666
1668 1667
1669 1668
1670 1669
1671 1670
1672 1671
1673 1672
1674 1673
1675 1674
1676 1675
1677 1676
1678 1677
1679 1678
1680 1679
1681 1680
1682 1681
1683 1682
1684 1683
1685 1684
1686 1685
1687 1686
1688 1687
1689 1688
1690 1689
1691 1690
1692 1691
1693 1692
1694 1693
1695 1694
1696 1695
1697 1696
1698 1697
1699 1698
1700 1699
1701 1700
1702 1701
1703 1702
1704 1703
1705 1704
1706 1705
1707 1706
1708 1707
1709 1708
1710 1709
1711 1710
1712 1711
1713 1712
1714 1713
1715 1714
1716 1715
1717 1716
1718 1717
1719 1718
1720 1719
1721 1720
1722 1721
1723 1722
1724 1723
1725 1724
1726 1725
1727 1726
1728 1727
1729 1728
1730 1729
1731 1730
1732 1731
1733 1732
1734 1733
1735 1734
1736 1735
1737 1736
1738 1737
1739 1738
1740 1739
1741 1740
1742 1741
1743 1742
1744 1743
1745 1744
1746 1745
1747 1746
1748 1747
1749 1748
1750 1749
1751 1750
1752 1751
1753 1752
1754 1753
1755 1754
1756 1755
1757 1756
1758 1757
1759 1758
1760 1759
1761 1760
1762 1761
1763 1762
1764 1763
1765 1764
1766 1765
1767 1766
1768 1767
1769 1768
1770 1769
1771 1770
1772 1771
1773 1772
1774 1773
1775 1774
1776 1775
1777 1776
1778 1777
1779 1778
1780 1779
1781 1780
1782 1781
1783 1782
1784 1783
1785 1784
1786 1785
1787 1786
1788 1787
1789 1788
1790 1789
1791 1790
1792 1791
1793 1792
1794 1793
1795 1794
1796 1795
1797 1796
1798 1797
1799 1798
1800 1799
1801 1800
1802 1801
1803 1802
1804 1803
1805 1804
1806 1805
1807 1806
1808 1807
1809 1808
1810 1809
1811 1810
1812 1811
1813 1812
1814 1813
1815 1814
1816 1815
1817 1816
1818 1817
1819 1818
1820 1819
1821 1820
1822 1821
1823 1822
1824 1823
1825 1824
1826 1825
1827 1826
1828 1827
1829 1828
1830 1829
1831 1830
1832 1831
1833 1832
1834 1833
1835 1834
1836 1835
1837 1836
1838 1837
1839 1838
1840 1839
1841 1840
1842 1841
1843 1842
1844 1843
1845 1844
1846 1845
1847 1846
1848 1847
1849 1848
1850 1849
1851 1850
1852 1851
1853 1852
1854 1853
1855 1854
1856 1855
1857 1856
1858 1857
1859 1858
1860 1859
1861 1860
1862 1861
1863 1862
1864 1863
1865 1864
1866 1865
1867 1866
1868 1867
1869 1868
1870 1869
1871 1870
1872 1871
1873 1872
1874 1873
1875 1874
1876 1875
1877 1876
1878 1877
1879 1878
1880 1879
1881 1880
1882 1881
1883 1882
1884 1883
1885 1884
1886 1885
1887 1886
1888 1887
1889 1888
1890 1889
1891 1890
1892 1891
1893 1892
1894 1893
1895 1894
1896 1895
1897 1896
1898 1897
1899 1898
1900 1899
1901 1900
1902 1901
1903 1902
1904 1903
1905 1904
1906 1905
1907 1906
1908 1907
1909 1908
1910 1909
1911 1910
1912 1911
1913 1912
1914 1913
1915 1914
1916 1915
1917 1916
1918 1917
1919 1918
1920 1919
1921 1920
1922 1921
1923 1922
1924 1923
1925 1924
1926 1925
1927 1926
1928 1927
1929 1928
1930 1929
1931 1930
1932 1931
1933 1932
1934 1933
1935 1934
1936 1935
1937 1936
1938 1937
1939 1938
1940 1939
1941 1940
1942 1941
1943 1942
1944 1943
1945 1944
1946 1945
1947 1946
1948 1947
1949 1948
1950 1949
1951 1950
1952 1951
1953 1952
1954 1953
1955 1954
1956 1955
1957 1956
1958 1957
1959 1958
1960 1959
1961 1960
1962 1961
1963 1962
1964 1963
1965 1964
1966 1965
1967 1966
1968 1967
1969 1968
1970 1969
1971 1970
1972 1971
1973 1972
1974 1973
1975 1974
1976 1975
1977 1976
1978 1977
1979 1978
1980 1979
1981 1980
1982 1981
1983 1982
1984 1983
1985 1984
1986 1985
1987 1986
1988 1987
1989 1988
1990 1989
1991 1990
1992 1991
1993 1992
1994 1993
1995 1994
1996 1995
1997 1996
1998 1997
1999 1998
2000 1999
2001 2000
2002 2001
2003 2002
2004 2003
2005 2004
2006 2005
2007 2006
2008 2007
2009 2008
2010 2009
2011 2010
2012 2011
2013 2012
2014 2013
2015 2014
2016 2015
2017 2016
2018 2017
2019 2018
2020 2019
2021 2020
2022 2021
2023 2022
2024 2023
2025 2024
2026 2025
2027 2026
2028 2027
2029 2028
2030 2029
2031 2030
2032 2031
2033 2032
2034 2033
2035 2034
2036 2035
2037 2036
2038 2037
2039 2038
2040 2039
2041 2040
2042 2041
2043 2042
2044 2043
2045 2044
2046 2045
2047 2046
2048 2047
2049 2048
2050 2049
2051 2050
2052 2051
2053 2052
2054 2053
2055 2054
2056 2055
2057 2056
2058 2057
2059 2058
2060 2059
2061 2060
2062 2061
2063 2062
2064 2063
2065 2064
2066 2065
2067 2066
2068 2067
2069 2068
2070 2069
2071 2070
2072 2071
2073 2072
2074 2073
2075 2074
2076 2075
2077 2076
2078 2077
2079 2078
2080 2079
2081 2080
2082 2081
2083 2082
2084 2083
2085 2084
2086 2085
2087 2086
2088 2087
2089 2088
2090 2089
2091 2090
2092 2091
2093 2092
2094 2093
2095 2094
2096 2095
2097 2096
2098 2097
2099 2098
2100 2099
2101 2100
2102 2101
2103 2102
2104 2103
2105 2104
2106 2105
2107 2106
2108 2107
2109 2108
2110 2109
2111 2110
2112 2111
2113 2112
2114 2113
2115 2114
2116 2115
2117 2116
2118 2117
2119 2118
2120 2119
2121 2120
2122 2121
2123 2122
2124 2123
2125 2124
2126 2125
2127 2126
2128 2127
2129 2128
2130 2129
2131 2130
2132 2131
2133 2132
2134 2133
2135 2134
2136 2135
2137 2136
2138 2137
2139 2138
2140 2139
2141 2140
2142 2141
2143 2142
2144 2143
2145 2144
2146 2145
2147 2146
2148 2147
2149 2148
2150 2149
2151 2150
2152 2151
2153 2152
2154 2153
2155 2154
2156 2155
2157 2156
2158 2157
2159 2158
2160 2159
2161 2160
2162 2161
2163 2162
2164 2163
2165 2164
2166 2165
2167 2166
2168 2167
2169 2168
2170 2169
2171 2170
2172 2171
2173 2172
2174 2173
2175 2174
2176 2175
2177 2176
2178 2177
2179 2178
2180 2179
2181 2180
2182 2181
2183 2182
2184 2183
2185 2184
2186 2185
2187 2186
2188 2187
2189 2188
2190 2189
2191 2190
2192 2191
2193 2192
2194 2193
2195 2194
2196 2195
2197 2196
2198 2197
2199 2198
2200 2199
2201 2200
2202 2201
2203 2202
2204 2203
2205 2204
2206 2205
2207 2206
2208 2207
2209 2208
2210 2209
2211 2210
2212 2211
2213 2212
2214 2213
2215 2214
2216 2215
2217 2216
2218 2217
2219 2218
2220 2219
2221 2220
2222 2221
2223 2222
2224 2223
2225 2224
2226 2225
2227 2226
2228 2227
2229 2228
2230 2229
2231 2230
2232 2231
2233 2232
2234 2233
2235 2234
2236 2235
2237 2236
2238 2237
2239 2238
2240 2239
2241 2240
2242 2241
2243 2242
2244 2243
2245 2244
2246 2245
2247 2246
2248 2247
2249 2248
2250 2249
2251 2250
2252 2251
2253 2252
2254 2253
2255 2254
2256 2255
2257 2256
2258 2257
2259 2258
2260 2259
2261 2260
2262 2261
2263 2262
2264 2263
2265 2264
2266 2265
2267 2266
2268 2267
2269 2268
2270 2269
2271 2270
2272 2271
2273 2272
2274 2273
2275 2274
2276 2275
2277 2276
2278 2277
2279 2278
2280 2279
2281 2280
2282 2281
2283 2282
2284 2283
2285 2284
2286 2285
2287 2286
2288 2287
2289 2288
2290 2289
2291 2290
2292 2291
2293 2292
2294 2293
2295 2294
2296 2295
2297 2296
2298 2297
2299 2298
2300 2299
2301 2300
2302 2301
2303 2302
2304 2303
2305 2304
2306 2305
2307 2306
2308 2307
2309 2308
2310 2309
2311 2310
2312 2311
2313 2312
2314 2313
2315 2314
2316 2315
2317 2316
2318 2317
2319 2318
2320 2319
2321 2320
2322 2321
2323 2322
2324 2323
2325 2324
2326 2325
2327 2326
2328 2327
2329 2328
2330 2329
2331 2330
2332 2331
2333 2332
2334 2333
2335 2334
2336 2335
2337 2336
2338 2337
2339 2338
2340 2339
2341 2340
2342 2341
2343 2342
2344 2343
2345 2344
2346 2345
2347 2346
2348 2347
2349 2348
2350 2349
2351 2350
2352 2351
2353 2352
2354 2353
2355 2354
2356 2355
2357 2356
2358 2357
2359 2358
2360 2359
2361 2360
2362 2361
2363 2362
2364 2363
2365 2364
2366 2365
2367 2366
2368 2367
2369 2368
2370 2369
2371 2370
2372 2371
2373 2372
2374 2373
2375 2374
2376 2375
2377 2376
2378 2377
2379 2378
2380 2379
2381 2380
2382 2381
2383 2382
2384 2383
2385 2384
2386 2385
2387 2386
2388 2387
2389 2388
2390 2389
2391 2390
2392 2391
2393 2392
2394 2393
2395 2394
2396 2395
2397 2396
2398 2397
2399 2398
2400 2399
2401 2400
2402 2401
2403 2402
2404 2403
2405 2404
2406 2405
2407 2406
2408 2407
2409 2408
2410 2409
2411 2410
2412 2411
2413 2412
2414 2413
2415 2414
2416 2415
2417 2416
2418 2417
2419 2418
2420 2419
2421 2420
2422 2421
2423 2422
2424 2423
2425 2424
2426 2425
2427 2426
2428 2427
2429 2428
2430 2429
2431 2430
2432 2431
2433 2432
2434 2433
2435 2434
2436 2435
2437 2436
2438 2437
2439 2438
2440 2439
2441 2440
2442 2441
2443 2442
2444 2443
2445 2444
2446 2445
2447 2446
2448 2447
2449 2448
2450 2449
2451 2450
2452 2451
2453 2452
2454 2453
2455 2454
2456 2455
2457 2456
2458 2457
2459 2458
2460 2459
2461 2460
2462 2461
2463 2462
2464 2463
2465 2464
2466 2465
2467 2466
2468 2467
2469 2468
2470 2469
2471 2470
2472 2471
2473 2472
2474 2473
2475 2474
2476 2475
2477 2476
2478 2477
2479 2478
2480 2479
2481 2480
2482 2481
2483 2482
2484 2483
2485 2484
2486 2485
2487 2486
2488 2487
2489 2488
2490 2489
2491 2490
2492 2491
2493 2492
2494 2493
2495 2494
2496 2495
2497 2496
2498 2497
2499 2498
2500 2499
2501 2500
2502 2501
2503 2502
2504 2503
2505 2504
2506 2505
2507 2506
2508 2507
2509 2508
2510 2509
2511 2510
2512 2511
2513 2512
2514 2513
2515 2514
2516 2515
2517 2516
2518 2517
2519 2518
2520 2519
2521 2520
2522 2521
2523 2522
2524 2523
2525 2524
2526 2525
2527 2526
2528 2527
2529 2528
2530 2529
2531 2530
2532 2531
2533 2532
2534 2533
2535 2534
2536 2535
2537 2536
2538 2537
2539 2538
2540 2539
2541 2540
2542 2541
2543 2542
2544 2543
2545 2544
2546 2545
2547 2546
2548 2547
2549 2548
2550 2549
2551 2550
2552 2551
2553 2552
2554 2553
2555 2554
2556 2555
2557 2556
2558 2557
2559 2558
2560 2559
2561 2560
2562 2561
2563 2562
2564 2563
2565 2564
2566 2565
2567 2566
2568 2567
2569 2568
2570 2569
2571 2570
2572 2571
2573 2572
2574 2573
2575 2574
2576 2575
2577 2576
2578 2577
2579 2578
2580 2579
2581 2580
2582 2581
2583 2582
2584 2583
2585 2584
2586 2585
2587 2586
2588 2587
2589 2588
2590 2589
2591 2590
2592 2591
2593 2592
2594 2593
2595 2594
2596 2595
2597 2596
2598 2597
2599 2598
2600 2599
2601 2600
2602 2601
2603 2602
2604 2603
2605 2604
2606 2605
2607 2606
2608 2607
2609 2608
2610 2609
2611 2610
2612 2611
2613 2612
2614 2613
2615 2614
2616 2615
2617 2616
2618 2617
2619 2618
2620 2619
2621 2620
2622 2621
2623 2622
2624 2623
2625 2624
2626 2625
2627 2626
2628 2627
2629 2628
2630 2629
2631 2630
2632 2631
2633 2632
2634 2633
2635 2634
2636 2635
2637 2636
2638 2637
2639 2638
2640 2639
2641 2640
2642 2641
2643 2642
2644 2643
2645 2644
2646 2645
2647 2646
2648 2647
2649 2648
2650 2649
2651 2650
2652 2651
2653 2652
2654 2653
2655 2654
2656 2655
2657 2656
2658 2657
2659 2658
2660 2659
2661 2660
2662 2661
2663 2662
2664 2663
2665 2664
2666 2665
2667 2666
2668 2667
2669 2668
2670 2669
2671 2670
2672 2671
2673 2672
2674 2673
2675 2674
2676 2675
2677 2676
2678 2677
2679 2678
2680 2679
2681 2680
2682 2681
2683 2682
2684 2683
2685 2684
2686 2685
2687 2686
2688 2687
2689 2688
2690 2689
2691 2690
2692 2691
2693 2692
2694 2693
2695 2694
2696 2695
2697 2696
2698 2697
2699 2698
2700 2699
2701 2700
2702 2701
2703 2702
2704 2703
2705 2704
2706 2705
2707 2706
2708 2707
2709 2708
2710 2709
2711 2710
2712 2711
2713 2712
2714 2713
2715 2714
2716 2715
2717 2716
2718 2717
2719 2718
2720 2719
2721 2720
2722 2721
2723 2722
2724 2723
2725 2724
2726 2725
2727 2726
2728 2727
2729 2728
2730 2729
2731 2730
2732 2731
2733 2732
2734 2733
2735 2734
2736 2735
2737 2736
2738 2737
2739 2738
2740 2739
2741 2740
2742 2741
2743 2742
2744 2743
2745 2744
2746 2745
2747 2746
2748 2747
2749 2748
2750 2749
2751 2750
2752 2751
2753 2752
2754 2753
2755 2754
2756 2755
2757 2756
2758 2757
2759 2758
2760 2759
2761 2760
2762 2761
2763 2762
2764 2763
2765 2764
2766 2765
2767 2766
2768 2767
2769 2768
2770 2769
2771 2770
2772 2771
2773 2772
2774 2773
2775 2774
2776 2775
2777 2776
2778 2777
2779 2778
2780 2779
2781 2780
2782 2781
2783 2782
2784 2783
2785 2784
2786 2785
2787 2786
2788 2787
2789 2788
2790 2789
2791 2790
2792 2791
2793 2792
2794 2793
2795 2794
2796 2795
2797 2796
2798 2797
2799 2798
2800 2799
2801 2800
2802 2801
2803 2802
2804 2803
2805 2804
2806 2805
2807 2806
2808 2807
2809 2808
2810 2809
2811 2810
2812 2811
2813 2812
2814 2813
2815 2814
2816 2815
2817 2816
2818 2817
2819 2818
2820 2819
2821 2820
2822 2821
2823 2822
2824 2823
2825 2824
2826 2825
2827 2826
2828 2827
2829 2828
2830 2829
2831 2830
2832 2831
2833 2832
2834 2833
2835 2834
2836 2835
2837 2836
2838 2837
2839 2838
2840 2839
2841 2840
2842 2841
2843 2842
2844 2843
2845 2844
2846 2845
2847 2846
2848 2847
2849 2848
2850 2849
2851 2850
2852 2851
2853 2852
2854 2853
2855 2854
2856 2855
2857 2856
2858 2857
2859 2858
2860 2859
2861 2860
2862 2861
2863 2862
2864 2863
2865 2864
2866 2865
2867 2866
2868 2867
2869 2868
2870 2869
2871 2870
2872 2871
2873 2872
2874 2873
2875 2874
2876 2875
2877 2876
2878 2877
2879 2878
2880 2879
2881 2880
2882 2881
2883 2882
2884 2883
2885 2884
2886 2885
2887 2886
2888 2887
2889 2888
2890 2889
2891 2890
2892 2891
2893 2892
2894 2893
2895 2894
2896 2895
2897 2896
2898 2897
2899 2898
2900 2899
2901 2900
2902 2901
2903 2902
2904 2903
2905 2904
2906 2905
2907 2906
2908 2907
2909 2908
2910 2909
2911 2910
2912 2911
2913 2912
2914 2913
2915 2914
2916 2915
2917 2916
2918 2917
2919 2918
2920 2919
2921 2920
2922 2921
2923 2922
2924 2923
2925 2924
2926 2925
2927 2926
2928 2927
2929 2928
2930 2929
2931 2930
2932 2931
2933 2932
2934 2933
2935 2934
2936 2935
2937 2936
2938 2937
2939 2938
2940 2939
2941 2940
2942 2941
2943 2942
2944 2943
2945 2944
2946 2945
2947 2946
2948 2947
2949 2948
2950 2949
2951 2950
2952 2951
2953 2952
2954 2953
2955 2954
2956 2955
2957 2956
2958 2957
2959 2958
2960 2959
2961 2960
2962 2961
2963 2962
2964 2963
2965 2964
2966 2965
2967 2966
2968 2967
2969 2968
2970 2969
2971 2970
2972 2971
2973 2972
2974 2973
2975 2974
2976 2975
2977 2976
2978 2977
2979 2978
2980 2979
2981 2980
2982 2981
2983 2982
2984 2983
2985 2984
2986 2985
2987 2986
2988 2987
2989 2988
2990 2989
2991 2990
2992 2991
2993 2992
2994 2993
2995 2994
2996 2995
2997 2996
2998 2997
2999 2998
3000 2999
3001 3000
3002 3001
3003 3002
3004 3003
3005 3004
3006 3005
3007 3006
3008 3007
3009 3008
3010 3009
3011 3010
3012 3011
3013 3012
3014 3013
3015 3014
3016 3015
3017 3016
3018 3017
3019 3018
3020 3019
3021 3020
3022 3021
3023 3022
3024 3023
3025 3024
3026 3025
3027 3026
3028 3027
3029 3028
3030 3029
3031 3030
3032 3031
3033 3032
3034 3033
3035 3034
3036 3035
3037 3036
3038 3037
3039 3038
3040 3039
3041 3040
3042 3041
3043 3042
3044 3043
3045 3044
3046 3045
3047 3046
3048 3047
3049 3048
3050 3049
3051 3050
3052 3051
3053 3052
3054 3053
3055 3054
3056 3055
3057 3056
3058 3057
3059 3058
3060 3059
3061 3060
3062 3061
3063 3062
3064 3063
3065 3064
3066 3065
3067 3066
3068 3067
3069 3068
3070 3069
3071 3070
3072 3071
3073 3072
3074 3073
3075 3074
3076 3075
3077 3076
3078 3077
3079 3078
3080 3079
3081 3080
3082 3081
3083 3082
3084 3083
3085 3084
3086 3085
3087 3086
3088 3087
3089 3088
3090 3089
3091 3090
3092 3091
3093 3092
3094 3093
3095 3094
3096 3095
3097 3096
3098 3097
3099 3098
3100 3099
3101 3100
3102 3101
3103 3102
3104 3103
3105 3104
3106 3105
3107 3106
3108 3107
3109 3108
3110 3109
3111 3110
3112 3111
3113 3112
3114 3113
3115 3114
3116 3115
3117 3116
3118 3117
3119 3118
3120 3119
3121 3120
3122 3121
3123 3122
3124 3123
3125 3124
3126 3125
3127 3126
3128 3127
3129 3128
3130 3129
3131 3130
3132 3131
3133 3132
3134 3133
3135 3134
3136 3135
3137 3136
3138 3137
3139 3138
3140 3139
3141 3140
3142 3141
3143 3142
3144 3143
3145 3144
3146 3145
3147 3146
3148 3147
3149 3148
3150 3149
3151 3150
3152 3151
3153 3152
3154 3153
3155 3154
3156 3155
3157 3156
3158 3157
3159 3158
3160 3159
3161 3160
3162 3161
3163 3162
3164 3163
3165 3164
3166 3165
3167 3166
3168 3167
3169 3168
3170 3169
3171 3170
3172 3171
3173 3172
3174 3173
3175 3174
3176 3175
3177 3176
3178 3177
3179 3178
3180 3179
3181 3180
3182 3181
3183 3182
3184 3183
3185 3184
3186 3185
3187 3186
3188 3187
3189 3188
3190 3189
3191 3190
3192 3191
3193 3192
3194 3193
3195 3194
3196 3195
3197 3196
3198 3197
3199 3198
3200 3199
3201 3200
3202 3201
3203 3202
3204 3203
3205 3204
3206 3205
3207 3206
3208 3207
3209 3208
3210 3209
3211 3210
3212 3211
3213 3212
3214 3213
3215 3214
3216 3215
3217 3216
3218 3217
3219 3218
3220 3219
3221 3220
3222 3221
3223 3222
3224 3223
3225 3224
3226 3225
3227 3226
3228 3227
3229 3228
3230 3229
3231 3230
3232 3231
3233 3232
3234 3233
3235 3234
3236 3235
3237 3236
3238 3237
3239 3238
3240 3239
3241 3240
3242 3241
3243 3242
3244 3243
3245 3244
3246 3245
3247 3246
3248 3247
3249 3248
3250 3249
3251 3250
3252 3251
3253 3252
3254 3253
3255 3254
3256 3255
3257 3256
3258 3257
3259 3258
3260 3259
3261 3260
3262 3261
3263 3262
3264 3263
3265 3264
3266 3265
3267 3266
3268 3267
3269 3268
3270 3269
3271 3270
3272 3271
3273 3272
3274 3273
3275 3274
3276 3275
3277 3276
3278 3277
3279 3278
3280 3279
3281 3280
3282 3281
3283 3282
3284 3283
3285 3284
3286 3285
3287 3286
3288 3287
3289 3288
3290 3289
3291 3290
3292 3291
3293 3292
3294 3293
3295 3294
3296 3295
3297 3296
3298 3297
3299 3298
3300 3299
3301 3300
3302 3301
3303 3302
3304 3303
3305 3304
3306 3305
3307 3306
3308 3307
3309 3308
3310 3309
3311 3310
3312 3311
3313 3312
3314 3313
3315 3314
3316 3315
3317 3316
3318 3317
3319 3318
3320 3319
3321 3320
3322 3321
3323 3322
3324 3323
3325 3324
3326 3325
3327 3326
3328 3327
3329 3328
3330 3329
3331 3330
3332 3331
3333 3332
3334 3333
3335 3334
3336 3335
3337 3336
3338 3337
3339 3338
3340 3339
3341 3340
3342 3341
3343 3342
3344 3343
3345 3344
3346 3345
3347 3346
3348 3347
3349 3348
3350 3349
3351 3350
3352 3351
3353 3352
3354 3353
3355 3354
3356 3355
3357 3356
3358 3357
3359 3358
3360 3359
3361 3360
3362 3361
3363 3362
3364 3363
3365 3364
3366 3365
3367 3366
3368 3367
3369 3368
3370 3369
3371 3370
3372 3371
3373 3372
3374 3373
3375 3374
3376 3375
3377 3376
3378 3377
3379 3378
3380 3379
3381 3380
3382 3381
3383 3382
3384 3383
3385 3384
3386 3385
3387 3386
3388 3387
3389 3388
3390 3389
3391 3390
3392 3391
3393 3392
3394 3393
3395 3394
3396 3395
3397 3396
3398 3397
3399 3398
3400 3399
3401 3400
3402 3401
3403 3402
3404 3403
3405 3404
3406 3405
3407 3406
3408 3407
3409 3408
3410 3409
3411 3410
3412 3411
3413 3412
3414 3413
3415 3414
3416 3415
3417 3416
3418 3417
3419 3418
3420 3419
3421 3420
3422 3421
3423 3422
3424 3423
3425 3424
3426 3425
3427 3426
3428 3427
3429 3428
3430 3429
3431 3430
3432 3431
3433 3432
3434 3433
3435 3434
3436 3435
3437 3436
3438 3437
3439 3438
3440 3439
3441 3440
3442 3441
3443 3442
3444 3443
3445 3444
3446 3445
3447 3446
3448 3447
3449 3448
3450 3449
3451 3450
3452 3451
3453 3452
3454 3453
3455 3454
3456 3455
3457 3456
3458 3457
3459 3458
3460 3459
3461 3460
3462 3461
3463 3462
3464 3463
3465 3464
3466 3465
3467 3466
3468 3467
3469 3468
3470 3469
3471 3470
3472 3471
3473 3472
3474 3473
3475 3474
3476 3475
3477 3476
3478 3477
3479 3478
3480 3479
3481 3480
3482 3481
3483 3482
3484 3483
3485 3484
3486 3485
3487 3486
3488 3487
3489 3488
3490 3489
3491 3490
3492 3491
3493 3492
3494 3493
3495 3494
3496 3495
3497 3496
3498 3497
3499 3498
3500 3499
3501 3500
3502 3501
3503 3502
3504 3503
3505 3504
3506 3505
3507 3506
3508 3507
3509 3508
3510 3509
3511 3510
3512 3511
3513 3512
3514 3513
3515 3514
3516 3515
3517 3516
3518 3517
3519 3518
3520 3519
3521 3520
3522 3521
3523 3522
3524 3523
3525 3524
3526 3525
3527 3526
3528 3527
3529 3528
3530 3529
3531 3530
3532 3531
3533 3532
3534 3533
3535 3534
3536 3535
3537 3536
3538 3537
3539 3538
3540 3539
3541 3540
3542 3541
3543 3542
3544 3543
3545 3544
3546 3545
3547 3546
3548 3547
3549 3548
3550 3549
3551 3550
3552 3551
3553 3552
3554 3553
3555 3554
3556 3555
3557 3556
3558 3557
3559 3558
3560 3559
3561 3560
3562 3561
3563 3562
3564 3563
3565 3564
3566 3565
3567 3566
3568 3567
3569 3568
3570 3569
3571 3570
3572 3571
3573 3572
3574 3573
3575 3574
3576 3575
3577 3576
3578 3577
3579 3578
3580 3579
3581 3580
3582 3581
3583 3582
3584 3583
3585 3584
3586 3585
3587 3586
3588 3587
3589 3588
3590 3589
3591 3590
3592 3591
3593 3592
3594 3593
3595 3594
3596 3595
3597 3596
3599 3597
3600 3598
3601 3599
3602 3600
3603 3601
3604 3602
3605 3603
3606 3604
3607 3605
3608 3606
3609 3607
3610 3608
3611 3609
3612 3610
3613 3611
3614 3612
3615 3613
3616 3614
3617 3615
3618 3616
3619 3617
3620 3618
3621 3619
3622 3620
3623 3621
3624 3622
3625 3623
3626 3624
3627 3625
3628 3626
3629 3627
3630 3628
3631 3629
3632 3630
3633 3631
3634 3632
3635 3633
3636 3634
3637 3635
3638 3636
3639 3637
3640 3638
3641 3639
3642 3640
3643 3641
3644 3642
3645 3643
3646 3644
3647 3645
3648 3646
3649 3647
3650 3648
3651 3649
3652 3650
3653 3651
3654 3652
3655 3653
3656 3654
3657 3655
3658 3656
3659 3657
3660 3658
3661 3659
3662 3660
3663 3661
3664 3662
3665 3663
3666 3664
3667 3665
3668 3666
3669 3667
3670 3668
3671 3669
3672 3670
3673 3671
3674 3672
3675 3673
3676 3674
3677 3675
3678 3676
3679 3677
3680 3678
3681 3679
3682 3680
3683 3681
3684 3682
3685 3683
3686 3684
3687 3685
3688 3686
3689 3687
3690 3688
3691 3689
3692 3690
3693 3691
3694 3692
3695 3693
3696 3694
3697 3695
3698 3696
3699 3697
3700 3698
3701 3699
3702 3700
3703 3701
3704 3702
3705 3703
3706 3704
3707 3705
3708 3706
3709 3707
3710 3708
3711 3709
3712 3710
3713 3711
3714 3712
3715 3713
3716 3714
3717 3715
3718 3716
3719 3717
3720 3718
3721 3719
3722 3720
3723 3721
3724 3722
3725 3723
3726 3724
3727 3725
3728 3726
3729 3727
3730 3728
3731 3729
3732 3730
3733 3731
3734 3732
3735 3733
3736 3734
3737 3735
3738 3736
3739 3737
3740 3738
3741 3739
3742 3740
3743 3741
3744 3742
3745 3743
3746 3744
3747 3745
3748 3746
3749 3747
3750 3748
3751 3749
3752 3750
3753 3751
3754 3752
3755 3753
3756 3754
3757 3755
3758 3756
3759 3757
3760 3758
3761 3759
3762 3760
3763 3761
3764 3762
3765 3763
3766 3764
3767 3765
3768 3766
3769 3767
3770 3768
3771 3769
3772 3770
3773 3771
3774 3772
3775 3773
3776 3774
3777 3775
3778 3776
3779 3777
3780 3778
3781 3779
3782 3780
3783 3781
3784 3782
3785 3783
3786 3784
3787 3785
3788 3786
3789 3787
3790 3788
3791 3789
3792 3790
3793 3791
3794 3792
3795 3793
3796 3794
3797 3795
3798 3796
3799 3797
3800 3798
3801 3799
3802 3800
3803 3801
3804 3802
3805 3803
3806 3804
3807 3805
3808 3806
3809 3807
3810 3808
3811 3809
3812 3810
3813 3811
3814 3812
3815 3813
3816 3814
3817 3815
3818 3816
3819 3817
3820 3818
3821 3819
3822 3820
3823 3821
3824 3822
3825 3823
3826 3824
3827 3825
3828 3826
3829 3827
3830 3828
3831 3829
3832 3830
3833 3831
3834 3832
3835 3833
3836 3834
3837 3835
3838 3836
3839 3837
3840 3838
3841 3839
3842 3840
3843 3841
3844 3842
3845 3843
3846 3844
3847 3845
3848 3846
3849 3847
3850 3848
3851 3849
3852 3850
3853 3851
3854 3852
3855 3853
3856 3854
3857 3855
3858 3856
3859 3857
3860 3858
3861 3859
3862 3860
3863 3861
3864 3862
3865 3863
3866 3864
3867 3865
3868 3866
3869 3867
3870 3868
3871 3869
3872 3870
3873 3871
3874 3872
3875 3873
3876 3874
3877 3875
3878 3876
3879 3877
3880 3878
3881 3879
3882 3880
3883 3881
3884 3882
3885 3883
3886 3884
3887 3885
3888 3886
3889 3887
3890 3888
3891 3889
3892 3890
3893 3891
3894 3892
3895 3893
3896 3894
3897 3895
3898 3896
3899 3897
3900 3898
3901 3899
3902 3900
3903 3901
3904 3902
3905 3903
3906 3904
3907 3905
3908 3906
3909 3907
3910 3908
3911 3909
3912 3910
3913 3911
3914 3912
3915 3913
3916 3914
3917 3915
3918 3916
3919 3917
3920 3918
3921 3919
3922 3920
3923 3921
3924 3922
3925 3923
3926 3924
3927 3925
3928 3926
3929 3927
3930 3928
3931 3929
3932 3930
3933 3931
3934 3932
3935 3933
3936 3934
3937 3935
3938 3936
3939 3937
3940 3938
3941 3939
3942 3940
3943 3941
3944 3942
3945 3943
3946 3944
3947 3945
3948 3946
3949 3947
3950 3948
3951 3949
3952 3950
3953 3951
3954 3952
3955 3953
3956 3954
3957 3955
3958 3956
3959 3957
3960 3958
3961 3959
3962 3960
3963 3961
3964 3962
3965 3963
3966 3964
3967 3965
3968 3966
3969 3967
3970 3968
3971 3969
3972 3970
3973 3971
3974 3972
3975 3973
3976 3974
3977 3975
3978 3976
3979 3977
3980 3978
3981 3979
3982 3980
3983 3981
3984 3982
3985 3983
3986 3984
3987 3985
3988 3986
3989 3987
3990 3988
3991 3989
3992 3990
3993 3991
3994 3992
3995 3993
3996 3994
3997 3995
3998 3996
3999 3997
4000 3998
4001 3999
4002 4000
4003 4001
4004 4002
4005 4003
4006 4004
4007 4005
4008 4006
4009 4007
4010 4008
4011 4009
4012 4010
4013 4011
4014 4012
4015 4013
4016 4014
4017 4015
4018 4016
4019 4017
4020 4018
4021 4019
4022 4020
4023 4021
4024 4022
4025 4023
4026 4024
4027 4025
4028 4026
4029 4027
4030 4028
4031 4029
4032 4030
4033 4031
4034 4032
4035 4033
4036 4034
4037 4035
4038 4036
4039 4037
4040 4038
4041 4039
4042 4040
4043 4041
4044 4042
4045 4043
4046 4044
4047 4045
4048 4046
4049 4047
4050 4048
4051 4049
4052 4050
4053 4051
4054 4052
4055 4053
4056 4054
4057 4055
4058 4056
4059 4057
4060 4058
4061 4059
4062 4060
4063 4061
4064 4062
4065 4063
4066 4064
4067 4065
4068 4066
4069 4067
4070 4068
4071 4069
4072 4070
4073 4071
4074 4072
4075 4073
4076 4074
4077 4075
4078 4076
4079 4077
4080 4078
4081 4079
4082 4080
4083 4081
4084 4082
4085 4083
4086 4084
4087 4085
4088 4086
4089 4087
4090 4088
4091 4089
4092 4090
4093 4091
4094 4092
4095 4093
4096 4094
4097 4095
4098 4096
4099 4097
4100 4098
4101 4099
4102 4100
4103 4101
4104 4102
4105 4103
4106 4104
4107 4105
4108 4106
4109 4107
4110 4108
4111 4109
4112 4110
4113 4111
4114 4112
4115 4113
4116 4114
4117 4115
4118 4116
4119 4117
4120 4118
4121 4119
4122 4120
4123 4121
4124 4122
4125 4123
4126 4124
4127 4125
4128 4126
4129 4127
4130 4128
4131 4129
4132 4130
4133 4131
4134 4132
4135 4133
4136 4134
4137 4135
4138 4136
4139 4137
4140 4138
4141 4139
4142 4140
4143 4141
4144 4142
4145 4143
4146 4144
4147 4145
4148 4146
4149 4147
4150 4148
4151 4149
4152 4150
4153 4151
4154 4152
4155 4153
4156 4154
4157 4155
4158 4156
4159 4157
4160 4158
4161 4159
4162 4160
4163 4161
4164 4162
4165 4163
4166 4164
4167 4165
4168 4166
4169 4167
4170 4168
4171 4169
4172 4170
4173 4171
4174 4172
4175 4173
4176 4174
4177 4175
4178 4176
4179 4177
4180 4178
4181 4179
4182 4180
4183 4181
4184 4182
4185 4183
4186 4184
4187 4185
4188 4186
4189 4187
4190 4188
4191 4189
4192 4190
4193 4191
4194 4192
4195 4193
4196 4194
4197 4195
4198 4196
4199 4197
4200 4198
4201 4199
4202 4200
4203 4201
4204 4202
4205 4203
4206 4204
4207 4205
4208 4206
4209 4207
4210 4208
4211 4209
4212 4210
4213 4211
4214 4212
4215 4213
4216 4214
4217 4215
4218 4216
4219 4217
4220 4218
4221 4219
4222 4220
4223 4221
4224 4222
4225 4223
4226 4224
4227 4225
4228 4226
4229 4227
4230 4228
4231 4229
4232 4230
4233 4231
4234 4232
4235 4233
4236 4234
4237 4235
4238 4236
4239 4237
4240 4238
4241 4239
4242 4240
4243 4241
4244 4242
4245 4243
4246 4244
4247 4245
4248 4246
4249 4247
4250 4248
4251 4249
4252 4250
4253 4251
4254 4252
4255 4253
4256 4254
4257 4255
4258 4256
4259 4257
4260 4258
4261 4259
4262 4260
4263 4261
4264 4262
4265 4263
4266 4264
4267 4265
4268 4266
4269 4267
4270 4268
4271 4269
4272 4270
4273 4271
4274 4272
4275 4273
4276 4274
4277 4275
4278 4276
4279 4277
4280 4278
4281 4279
4282 4280
4283 4281
4284 4282
4285 4283
4286 4284
4287 4285
4288 4286
4289 4287
4290 4288
4291 4289
4292 4290
4293 4291
4294 4292
4295 4293
4296 4294
4297 4295
4298 4296
4299 4297
4300 4298
4301 4299
4302 4300
4303 4301
4304 4302
4305 4303
4306 4304
4307 4305
4308 4306
4309 4307
4310 4308
4311 4309
4312 4310
4313 4311
4314 4312
4315 4313
4316 4314
4317 4315
4318 4316
4319 4317
4320 4318
4321 4319
4322 4320
4323 4321
4324 4322
4325 4323
4326 4324
4327 4325
4328 4326
4329 4327
4330 4328
4331 4329
4332 4330
4333 4331
4334 4332
4335 4333
4336 4334
4337 4335
4338 4336
4339 4337
4340 4338
4341 4339
4342 4340
4343 4341
4344 4342
4345 4343
4346 4344
4347 4345
4348 4346
4350 4347
4351 4348
4352 4349
4353 4350
4354 4351
4355 4352
4356 4353
4357 4354
4358 4355
4359 4356
4360 4357
4361 4358
4362 4359
4363 4360
4364 4361
4365 4362
4366 4363
4367 4364
4368 4365
4369 4366
4370 4367
4371 4368
4372 4369
4373 4370
4374 4371
4375 4372
4376 4373
4377 4374
4378 4375
4379 4376
4380 4377
4381 4378
4382 4379
4383 4380
4384 4381
4385 4382
4386 4383
4387 4384
4388 4385
4389 4386
4390 4387
4391 4388
4392 4389
4393 4390
4394 4391
4395 4392
4396 4393
4397 4394
4398 4395
4399 4396
4400 4397
4401 4398
4402 4399
4403 4400
4404 4401
4405 4402
4406 4403
4407 4404
4408 4405
4409 4406
4410 4407
4411 4408
4412 4409
4413 4410
4414 4411
4415 4412
4416 4413
4417 4414
4418 4415
4419 4416
4420 4417
4421 4418
4422 4419
4423 4420
4424 4421
4425 4422
4426 4423
4427 4424
4428 4425
4429 4426
4430 4427
4431 4428
4432 4429
4433 4430
4434 4431
4435 4432
4436 4433
4437 4434
4438 4435
4439 4436
4440 4437
4441 4438
4442 4439
4443 4440
4444 4441
4445 4442
4446 4443
4447 4444
4448 4445
4449 4446
4450 4447
4451 4448
4452 4449
4453 4450
4454 4451
4455 4452
4456 4453
4457 4454
4458 4455
4459 4456
4460 4457
4461 4458
4462 4459
4463 4460
4464 4461
4465 4462
4466 4463
4467 4464
4468 4465
4469 4466
4470 4467
4471 4468
4472 4469
4473 4470
4474 4471
4475 4472
4476 4473
4477 4474
4478 4475
4479 4476
4480 4477
4481 4478
4482 4479
4483 4480
4484 4481
4485 4482
4487 4483
4488 4484
4489 4485
4490 4486
4491 4487
4492 4488
4493 4489
4494 4490
4495 4491
4496 4492
4497 4493
4498 4494
4499 4495
4500 4496
4501 4497
4502 4498
4503 4499
4504 4500
4505 4501
4506 4502
4507 4503
4508 4504
4509 4505
4510 4506
4511 4507
4512 4508
4513 4509
4514 4510
4515 4511
4516 4512
4517 4513
4518 4514
4519 4515
4520 4516
4521 4517
4522 4518
4523 4519
4524 4520
4525 4521
4526 4522
4527 4523
4528 4524
4529 4525
4530 4526
4531 4527
4532 4528
4533 4529
4534 4530
4535 4531
4536 4532
4537 4533
4538 4534
4539 4535
4540 4536
4541 4537
4542 4538
4543 4539
4544 4540
4545 4541
4546 4542
4547 4543
4548 4544
4549 4545
4550 4546
4551 4547
4552 4548
4553 4549
4554 4550
4555 4551
4556 4552
4557 4553
4558 4554
4559 4555
4560 4556
4561 4557
4562 4558
4563 4559
4564 4560
4565 4561
4566 4562
4567 4563
4568 4564
4569 4565
4570 4566
4571 4567
4572 4568
4573 4569
4574 4570
4575 4571
4576 4572
4577 4573
4578 4574
4579 4575
4580 4576
4581 4577
4582 4578
4583 4579
4584 4580
4585 4581
4586 4582
4587 4583
4588 4584
4589 4585
4590 4586
4591 4587
4592 4588
4593 4589
4594 4590
4595 4591
4596 4592
4597 4593
4598 4594
4599 4595
4600 4596
4601 4597
4602 4598
4603 4599
4604 4600
4605 4601
4606 4602
4607 4603
4608 4604
4609 4605
4610 4606
4611 4607
4612 4608
4613 4609
4614 4610
4615 4611
4616 4612
4617 4613
4618 4614
4619 4615
4620 4616
4621 4617
4622 4618
4623 4619
4624 4620
4625 4621
4626 4622
4627 4623
4628 4624
4629 4625
4630 4626
4631 4627
4632 4628
4633 4629
4634 4630
4635 4631
4637 4632
4638 4633
4639 4634
4640 4635
4641 4636
4642 4637
4643 4638
4644 4639
4645 4640
4646 4641
4647 4642
4648 4643
4649 4644
4650 4645
4651 4646
4652 4647
4653 4648
4654 4649
4655 4650
4656 4651
4657 4652
4658 4653
4659 4654
4660 4655
4661 4656
4662 4657
4663 4658
4664 4659
4665 4660
4666 4661
4667 4662
4668 4663
4669 4664
4670 4665
4671 4666
4672 4667
4673 4668
4674 4669
4675 4670
4676 4671
4677 4672
4678 4673
4679 4674
4680 4675
4681 4676
4682 4677
4683 4678
4684 4679
4685 4680
4686 4681
4687 4682
4688 4683
4689 4684
4690 4685
4691 4686
4692 4687
4693 4688
4694 4689
4695 4690
4696 4691
4697 4692
4698 4693
4699 4694
4700 4695
4701 4696
4702 4697
4703 4698
4704 4699
4705 4700
4706 4701
4707 4702
4708 4703
4709 4704
4710 4705
4711 4706
4712 4707
4713 4708
4714 4709
4715 4710
4716 4711
4717 4712
4718 4713
4719 4714
4720 4715
4721 4716
4722 4717
4723 4718
4724 4719
4725 4720
4726 4721
4727 4722
4728 4723
4729 4724
4730 4725
4731 4726
4732 4727
4733 4728
4734 4729
4735 4730
4736 4731
4737 4732
4738 4733
4739 4734
4740 4735
4741 4736
4742 4737
4743 4738
4744 4739
4745 4740
4746 4741
4747 4742
4748 4743
4749 4744
4750 4745
4751 4746
4752 4747
4753 4748
4754 4749
4755 4750
4756 4751
4757 4752
4758 4753
4759 4754
4760 4755
4761 4756
4762 4757
4763 4758
4764 4759
4765 4760
4766 4761
4767 4762
4768 4763
4769 4764
4770 4765
4771 4766
4772 4767
4773 4768
4774 4769
4775 4770
4776 4771
4777 4772
4778 4773
4779 4774
4780 4775
4781 4776
4782 4777
4783 4778
4784 4779
4785 4780
4786 4781
4787 4782
4788 4783
4789 4784
4790 4785
4791 4786
4792 4787
4793 4788
4794 4789
4795 4790
4796 4791
4797 4792
4798 4793
4799 4794
4800 4795
4801 4796
4802 4797
4803 4798
4804 4799
4805 4800
4806 4801
4807 4802
4808 4803
4809 4804
4810 4805
4811 4806
4812 4807
4813 4808
4814 4809
4815 4810
4816 4811
4817 4812
4818 4813
4819 4814
4820 4815
4821 4816
4822 4817
4823 4818
4824 4819
4825 4820
4826 4821
4827 4822
4828 4823
4829 4824
4830 4825
4831 4826
4832 4827
4833 4828
4834 4829
4835 4830
4836 4831
4837 4832
4838 4833
4839 4834
4840 4835
4841 4836
4842 4837
4843 4838
4844 4839
4845 4840
4846 4841
4847 4842
4848 4843
4849 4844
4850 4845
4851 4846
4852 4847
4853 4848
4854 4849
4855 4850
4856 4851
4857 4852
4858 4853
4859 4854
4860 4855
4861 4856
4862 4857
4863 4858
4864 4859
4865 4860
4866 4861
4867 4862
4868 4863
4869 4864
4870 4865
4871 4866
4872 4867
4873 4868
4874 4869
4875 4870
4876 4871
4877 4872
4878 4873
4879 4874
4880 4875
4881 4876
4882 4877
4883 4878
4884 4879
4885 4880
4886 4881
4887 4882
4888 4883
4889 4884
4890 4885
4891 4886
4892 4887
4893 4888
4894 4889
4895 4890
4896 4891
4897 4892
4898 4893
4899 4894
4900 4895
4901 4896
4902 4897
4903 4898
4904 4899
4905 4900
4906 4901
4907 4902
4908 4903
4909 4904
4910 4905
4911 4906
4912 4907
4913 4908
4914 4909
4915 4910
4916 4911
4917 4912
4918 4913
4919 4914
4920 4915
4921 4916
4922 4917
4923 4918
4924 4919
4925 4920
4926 4921
4927 4922
4928 4923
4929 4924
4930 4925
4931 4926
4932 4927
4933 4928
4934 4929
4935 4930
4936 4931
4937 4932
4938 4933
4939 4934
4940 4935
4941 4936
4942 4937
4943 4938
4944 4939
4945 4940
4946 4941
4947 4942
4948 4943
4949 4944
4950 4945
4951 4946
4952 4947
4953 4948
4954 4949
4955 4950
4956 4951
4957 4952
4958 4953
4959 4954
4960 4955
4961 4956
4962 4957
4963 4958
4964 4959
4965 4960
4966 4961
4967 4962
4968 4963
4969 4964
4970 4965
4971 4966
4972 4967
4973 4968
4974 4969
4975 4970
4976 4971
4977 4972
4978 4973
4979 4974
4980 4975
4981 4976
4982 4977
4983 4978
4984 4979
4985 4980
4986 4981
4987 4982
4988 4983
4989 4984
4990 4985
4991 4986
4992 4987
4993 4988
4994 4989
4995 4990
4996 4991
4997 4992
4998 4993
4999 4994
5000 4995
5001 4996
5002 4997
5003 4998
5004 4999
5005 5000
5006 5001
5007 5002
5008 5003
5009 5004
5010 5005
5011 5006
5012 5007
5013 5008
5014 5009
5015 5010
5016 5011
5017 5012
5018 5013
5019 5014
5020 5015
5021 5016
5022 5017
5023 5018
5024 5019
5025 5020
5026 5021
5027 5022
5028 5023
5029 5024
5030 5025
5031 5026
5032 5027
5033 5028
5034 5029
5035 5030
5036 5031
5037 5032
5038 5033
5039 5034
5040 5035
5041 5036
5042 5037
5043 5038
5044 5039
5045 5040
5046 5041
5047 5042
5048 5043
5049 5044
5050 5045
5051 5046
5052 5047
5053 5048
5054 5049
5055 5050
5056 5051
5057 5052
5058 5053
5059 5054
5060 5055
5061 5056
5062 5057
5063 5058
5064 5059
5065 5060
5066 5061
5067 5062
5068 5063
5069 5064
5070 5065
5071 5066
5072 5067
5073 5068
5074 5069
5075 5070
5076 5071
5077 5072
5078 5073
5079 5074
5080 5075
5081 5076
5082 5077
5083 5078
5084 5079
5085 5080
5086 5081
5087 5082
5088 5083
5089 5084
5090 5085
5091 5086
5092 5087
5093 5088
5094 5089
5095 5090
5096 5091
5097 5092
5098 5093
5099 5094
5100 5095
5101 5096
5102 5097
5103 5098
5104 5099
5105 5100
5106 5101
5107 5102
5108 5103
5109 5104
5110 5105
5111 5106
5112 5107
5113 5108
5114 5109
5115 5110
5116 5111
5117 5112
5118 5113
5119 5114
5120 5115
5121 5116
5122 5117
5123 5118
5124 5119
5125 5120
5126 5121
5127 5122
5128 5123
5129 5124
5130 5125
5131 5126
5132 5127
5133 5128
5134 5129
5135 5130
5136 5131
5137 5132
5138 5133
5139 5134
5140 5135
5141 5136
5142 5137
5143 5138
5144 5139
5145 5140
5146 5141
5147 5142
5148 5143
5149 5144
5150 5145
5151 5146
5152 5147
5153 5148
5154 5149
5155 5150
5156 5151
5157 5152
5158 5153
5159 5154
5160 5155
5161 5156
5162 5157
5163 5158
5164 5159
5165 5160
5166 5161
5167 5162
5168 5163
5169 5164
5170 5165
5171 5166
5172 5167
5173 5168
5174 5169
5175 5170
5176 5171
5177 5172
5178 5173
5179 5174
5180 5175
5181 5176
5182 5177
5183 5178
5184 5179
5185 5180
5186 5181
5187 5182
5188 5183
5189 5184
5190 5185
5191 5186
5192 5187
5193 5188
5194 5189
5195 5190
5196 5191
5197 5192
5198 5193
5199 5194
5200 5195
5201 5196
5202 5197
5203 5198
5204 5199
5205 5200
5206 5201
5207 5202
5208 5203
5209 5204
5210 5205
5211 5206
5212 5207
5213 5208
5214 5209
5215 5210
5216 5211
5217 5212
5218 5213
5219 5214
5220 5215
5221 5216
5222 5217
5223 5218
5224 5219
5225 5220
5226 5221
5227 5222
5228 5223
5229 5224
5230 5225
5231 5226
5232 5227
5233 5228
5234 5229
5235 5230
5236 5231
5237 5232
5238 5233
5239 5234
5240 5235
5241 5236
5242 5237
5243 5238
5244 5239
5245 5240
5246 5241
5247 5242
5248 5243
5249 5244
5250 5245
5251 5246
5252 5247
5253 5248
5254 5249
5255 5250
5256 5251
5257 5252
5258 5253
5259 5254
5260 5255
5261 5256
5262 5257
5263 5258
5264 5259
5265 5260
5266 5261
5267 5262
5268 5263
5269 5264
5270 5265
5271 5266
5272 5267
5273 5268
5274 5269
5275 5270
5276 5271
5277 5272
5278 5273
5279 5274
5280 5275
5281 5276
5282 5277
5283 5278
5284 5279
5285 5280
5286 5281
5287 5282
5288 5283
5289 5284
5290 5285
5291 5286
5292 5287
5293 5288
5294 5289
5295 5290
5296 5291
5297 5292
5298 5293
5299 5294
5300 5295
5301 5296
5302 5297
5303 5298
5304 5299
5305 5300
5306 5301
5307 5302
5308 5303
5309 5304
5310 5305
5311 5306
5312 5307
5313 5308
5314 5309
5315 5310
5316 5311
5317 5312
5318 5313
5319 5314
5320 5315
5321 5316
5322 5317
5323 5318
5324 5319
5325 5320
5326 5321
5327 5322
5328 5323
5329 5324
5330 5325
5331 5326
5332 5327
5333 5328
5334 5329
5335 5330
5336 5331
5337 5332
5338 5333
5339 5334
5340 5335
5341 5336
5342 5337
5343 5338
5344 5339
5345 5340
5346 5341
5347 5342
5348 5343
5349 5344
5350 5345
5351 5346
5352 5347
5353 5348
5354 5349
5355 5350
5356 5351
5357 5352
5358 5353
5359 5354
5360 5355
5361 5356
5362 5357
5363 5358
5364 5359
5365 5360
5366 5361
5367 5362
5368 5363
5369 5364
5370 5365
5371 5366
5372 5367
5373 5368
5374 5369
5375 5370
5376 5371
5377 5372
5378 5373
5379 5374
5380 5375
5381 5376
5382 5377
5383 5378
5384 5379
5385 5380
5386 5381
5387 5382
5388 5383
5389 5384
5390 5385
5391 5386
5392 5387
5393 5388
5394 5389
5395 5390
5396 5391
5397 5392
5398 5393
5399 5394
5400 5395
5401 5396
5402 5397
5403 5398
5404 5399
5405 5400
5406 5401
5407 5402
5408 5403
5409 5404
5410 5405
5411 5406
5412 5407
5413 5408
5414 5409
5415 5410
5416 5411
5417 5412
5418 5413
5419 5414
5420 5415
5421 5416
5422 5417
5423 5418
5424 5419
5425 5420
5426 5421
5427 5422
5428 5423
5429 5424
5430 5425
5431 5426
5432 5427
5433 5428
5434 5429
5435 5430
5436 5431
5437 5432
5438 5433
5439 5434
5440 5435
5441 5436
5442 5437
5443 5438
5444 5439
5445 5440
5446 5441
5447 5442
5448 5443
5449 5444
5450 5445
5451 5446
5452 5447
5453 5448
5454 5449
5455 5450
5456 5451
5457 5452
5458 5453
5459 5454
5460 5455
5461 5456
5462 5457
5463 5458
5464 5459
5465 5460
5466 5461
5467 5462
5468 5463
5469 5464
5470 5465
5471 5466
5472 5467
5473 5468
5474 5469
5475 5470
5476 5471
5477 5472
5478 5473
5479 5474
5480 5475
5481 5476
5482 5477
5483 5478
5484 5479
5485 5480
5486 5481
5487 5482
5488 5483
5489 5484
5490 5485
5491 5486
5492 5487
5493 5488
5494 5489
5495 5490
5496 5491
5497 5492
5498 5493
5499 5494
5500 5495
5501 5496
5502 5497
5503 5498
5504 5499
5505 5500
5506 5501
5507 5502
5508 5503
5509 5504
5510 5505
5511 5506
5512 5507
5513 5508
5514 5509
5515 5510
5516 5511
5517 5512
5518 5513
5519 5514
5520 5515
5521 5516
5522 5517
5523 5518
5524 5519
5525 5520
5526 5521
5527 5522
5528 5523
5529 5524
5530 5525
5531 5526
5532 5527
5533 5528
5534 5529
5535 5530
5536 5531
5537 5532
5538 5533
5539 5534
5540 5535
5541 5536
5542 5537
5543 5538
5544 5539
5545 5540
5546 5541
5547 5542
5548 5543
5549 5544
5550 5545
5551 5546
5552 5547
5553 5548
5554 5549
5555 5550
5556 5551
5557 5552
5558 5553
5559 5554
5560 5555
5561 5556
5562 5557
5563 5558
5564 5559
5565 5560
5566 5561
5567 5562
5568 5563
5569 5564
5570 5565
5571 5566
5572 5567
5573 5568
5574 5569
5575 5570
5576 5571
5577 5572
5578 5573
5579 5574
5580 5575
5581 5576
5582 5577
5583 5578
5584 5579
5585 5580
5586 5581
5587 5582
5588 5583
5589 5584
5590 5585
5591 5586
5592 5587
5593 5588
5594 5589
5595 5590
5596 5591
5597 5592
5598 5593
5599 5594
5600 5595
5601 5596
5602 5597
5603 5598
5604 5599
5605 5600
5606 5601
5607 5602
5608 5603
5609 5604
5610 5605
5611 5606
5612 5607
5613 5608
5614 5609
5615 5610
5616 5611
5617 5612
5618 5613
5619 5614
5620 5615
5621 5616
5622 5617
5623 5618
5624 5619
5625 5620
5626 5621
5627 5622
5628 5623
5629 5624
5630 5625
5631 5626
5632 5627
5633 5628
5634 5629
5635 5630
5636 5631
5637 5632
5638 5633
5639 5634
5640 5635
5641 5636
5642 5637
5643 5638
5644 5639
5645 5640
5646 5641
5647 5642
5648 5643
5649 5644
5650 5645
5651 5646
5652 5647
5653 5648
5654 5649
5655 5650
5656 5651
5657 5652
5658 5653
5659 5654
5660 5655
5661 5656
5662 5657
5663 5658
5664 5659
5665 5660
5666 5661
5667 5662
5668 5663
5669 5664
5670 5665
5671 5666
5672 5667
5673 5668
5674 5669
5675 5670
5676 5671
5677 5672
5678 5673
5679 5674
5680 5675
5681 5676
5682 5677
5683 5678
5684 5679
5685 5680
5686 5681
5687 5682
5688 5683
5689 5684
5690 5685
5691 5686
5692 5687
5693 5688
5694 5689
5695 5690
5696 5691
5697 5692
5698 5693
5699 5694
5700 5695
5701 5696
5702 5697
5703 5698
5704 5699
5705 5700
5706 5701
5707 5702
5708 5703
5709 5704
5710 5705
5711 5706
5712 5707
5713 5708
5714 5709
5715 5710
5716 5711
5717 5712
5718 5713
5719 5714
5720 5715
5721 5716
5722 5717
5723 5718
5724 5719
5725 5720
5726 5721
5727 5722
5728 5723
5729 5724
5730 5725
5731 5726
5732 5727
5733 5728
5734 5729
5735 5730
5736 5731
5737 5732
5738 5733
5739 5734
5740 5735
5741 5736
5742 5737
5743 5738
5744 5739
5745 5740
5746 5741
5747 5742
5748 5743
5749 5744
5750 5745
5751 5746
5752 5747
5753 5748
5754 5749
5755 5750
5756 5751
5757 5752
5758 5753
5759 5754
5760 5755
5761 5756
5762 5757
5763 5758
5764 5759
5765 5760
5766 5761
5767 5762
5768 5763
5769 5764
5770 5765
5771 5766
5772 5767
5773 5768
5774 5769
5775 5770
5776 5771
5777 5772
5778 5773
5779 5774
5780 5775
5781 5776
5782 5777
5783 5778
5784 5779
5785 5780
5786 5781
5787 5782
5788 5783
5789 5784
5790 5785
5791 5786
5792 5787
5793 5788
5794 5789
5795 5790
5796 5791
5797 5792
5798 5793
5799 5794
5800 5795
5801 5796
5802 5797
5803 5798
5804 5799
5805 5800
5806 5801
5807 5802
5808 5803
5809 5804
5810 5805
5811 5806
5812 5807
5813 5808
5814 5809
5815 5810
5816 5811
5817 5812
5818 5813
5819 5814
5820 5815
5821 5816
5822 5817
5823 5818
5824 5819
5825 5820
5826 5821
5827 5822
5828 5823
5829 5824
5830 5825
5831 5826
5832 5827
5833 5828
5834 5829
5835 5830
5836 5831
5837 5832
5838 5833
5839 5834
5840 5835
5841 5836
5842 5837
5843 5838
5844 5839
5845 5840
5846 5841
5847 5842
5848 5843
5849 5844
5851 5845
5852 5846
5853 5847
5854 5848
5855 5849
5856 5850
5857 5851
5858 5852
5859 5853
5860 5854
5861 5855
5862 5856
5863 5857
5864 5858
5865 5859
5866 5860
5867 5861
5868 5862
5869 5863
5870 5864
5871 5865
5872 5866
5873 5867
5874 5868
5875 5869
5876 5870
5877 5871
5878 5872
5879 5873
5880 5874
5881 5875
5882 5876
5883 5877
5884 5878
5885 5879
5886 5880
5887 5881
5888 5882
5889 5883
5890 5884
5891 5885
5892 5886
5893 5887
5894 5888
5895 5889
5896 5890
5897 5891
5898 5892
5899 5893
5900 5894
5901 5895
5902 5896
5903 5897
5904 5898
5905 5899
5906 5900
5907 5901
5908 5902
5909 5903
5910 5904
5911 5905
5912 5906
5913 5907
5914 5908
5915 5909
5916 5910
5917 5911
5918 5912
5919 5913
5920 5914
5921 5915
5922 5916
5923 5917
5924 5918
5925 5919
5926 5920
5927 5921
5928 5922
5929 5923
5930 5924
5931 5925
5932 5926
5933 5927
5934 5928
5935 5929
5936 5930
5937 5931
5938 5932
5939 5933
5940 5934
5941 5935
5942 5936
5943 5937
5944 5938
5945 5939
5946 5940
5947 5941
5948 5942
5949 5943
5950 5944
5951 5945
5952 5946
5953 5947
5954 5948
5955 5949
5956 5950
5957 5951
5958 5952
5959 5953
5960 5954
5961 5955
5962 5956
5963 5957
5964 5958
5965 5959
5966 5960
5967 5961
5968 5962
5969 5963
5970 5964
5971 5965
5972 5966
5973 5967
5974 5968
5975 5969
5976 5970
5977 5971
5978 5972
5979 5973
5980 5974
5981 5975
5982 5976
5983 5977
5984 5978
5985 5979
5986 5980
5987 5981
5988 5982
5989 5983
5990 5984
5991 5985
5992 5986
5993 5987
5994 5988
5995 5989
5996 5990
5997 5991
5998 5992
5999 5993
6000 5994
6001 5995
6002 5996
6003 5997
6004 5998
6005 5999
6006 6000
6007 6001
6008 6002
6009 6003
6010 6004
6011 6005
6012 6006
6013 6007
6014 6008
6015 6009
6016 6010
6017 6011
6018 6012
6019 6013
6020 6014
6021 6015
6022 6016
6023 6017
6024 6018
6025 6019
6026 6020
6027 6021
6028 6022
6029 6023
6030 6024
6031 6025
6032 6026
6033 6027
6034 6028
6035 6029
6036 6030
6037 6031
6038 6032
6039 6033
6040 6034
